#	rsa
 59	0.581607001900628
 60	1.0586213964908011
 61	0.5395689653322978
 62	0.042956792265324895
 63	0.63234601278706
 64	0.021761634030835857
 65	0.052655192592667745
 66	0.5770520434720413
 67	0.3176015761528007
 68	0.6993405302400992
 69	0.47259097771816094
 70	1.0546895590563807
 71	0.21145702007531703
 72	0.7881003162091819
 73	0.07490712270636707
 74	0.45748759042049
 75	0.2454765882682893
 76	0.8304437747849598
 77	0.3872515164313623
 78	0.0
 79	0.49552350701597914
 80	0.6117244336679984
 81	0.21464269135999364
 82	0.15969197336672308
 83	0.46672560205482333
 84	0.34396737807996847
 85	0.0
 86	0.43571258782918526
 87	0.5020699488080178
 88	0.2584939940798349
 89	0.0003454741289421401
 90	0.31433837533047926
 91	0.6490411494708678
 92	0.11639980199796275
 93	0.034590726724163155
 94	0.3388203254029251
 95	0.4580650442181565
 96	0.11279982901875592
 97	0.0037392442568779946
 98	0.670326153894459
 99	0.7068018921398443
100	0.0
101	0.2798665920263964
102	0.6466902035248083
103	0.10936546904495477
104	0.0001363404674063203
105	0.4267307652995988
106	0.449062220689119
107	0.048016244600891204
108	0.10371414513867513
109	0.5455999058949115
110	0.3822157325477647
111	0.0
112	0.40794030780229884
113	0.6268788916041597
114	0.16547077979122377
115	0.012418630423415681
116	0.4588774032650909
117	0.39515302155438475
118	0.0687020534235824
119	0.05637547484130671
120	0.6222756801463284
121	0.41359452923824747
122	0.005119078670935203
123	0.34699742877128936
124	0.5274360262317807
125	0.4801921141251237
126	0.0031427936531674356
127	0.17180010400649756
128	0.42247734957313804
129	0.055477908925643006
130	0.0001998647331855354
131	0.6387381229718697
132	0.7989031888780761
133	0.5239447785737039
134	0.05142103649488798
135	0.6483531454054818
136	0.495939110768571
137	0.0035182683513357775
138	0.2756826161140863
139	0.7277969843047252
140	0.3368257875016981
141	0.005224140601454664
142	0.32272296868427575
143	0.6221657491791082
144	0.1769671558586608
145	0.006498840273820634
146	0.12368565079520957
147	0.5247373078075729
148	0.02555376701785969
149	0.018518391104269893
150	0.5209450301045878
151	0.28485356948919804
152	0.0
153	0.27782901564216045
154	0.4270706408295378
155	0.08558003365217079
156	0.07682921476913147
157	0.6210218041984181
158	0.4012295629177258
159	0.3396124539788133
160	1.0002104387991926
161	0.27278849159718
162	0.551681167764646
163	0.038157250141993206
164	0.44177363175475043
165	0.6080137097128936
166	0.023636456667593703
167	0.0
168	0.2625573764969896
169	0.48684765004871455
170	0.02768415554576542
171	0.0009996692358529883
172	0.010610933011793897
173	0.07171874756632489
174	0.008403591155210468
175	0.0
176	0.07261980490332173
177	0.13147362076312352
178	7.900119447167388e-05
179	0.04596143917513698
180	0.06361038813722414
181	0.24434282132033663
182	0.273055298451839
183	0.11824245706792877
184	0.3396691452897864
185	0.7555927590606796
186	0.9810604431115943
187	0.24425209595413208
188	0.7197864368710316
189	0.6286161002178668
190	0.8777827749510053
191	0.3301163867461327
192	0.8343153819946298
193	0.4833417809131539
194	0.10510428354051367
195	0.3046974203259252
196	0.7136941792607409
197	0.2665198735746807
198	0.0035006983517109555
199	0.4116333937944448
200	0.38492295861725995
201	0.050699373505157436
202	0.06166143200213847
203	0.587584429470285
204	0.8434271345831266
205	0.33746807950309765
206	0.7258002246103343
207	0.008380814673395838
208	0.007903420824838353
209	0.23861629299767761
210	0.7938141623401185
211	0.2474902016251883
212	0.06957560117453881
213	0.7218675707597946
214	0.4521766449255185
215	0.0021229350595586595
216	0.1439584802194926
217	0.39660063786950367
218	0.23778464627245297
219	0.0
220	0.1896052847747451
221	0.3449041078861992
222	0.0
223	0.0
224	0.3357974946316672
225	0.023392833636947812
226	0.0001626414362581568
227	0.15630602274156907
228	0.07895570905551616
229	0.00012756231158599925
230	0.0897601648418637
231	0.39393996008623117
232	0.0
233	0.0
234	0.5915152930622027
235	0.12733764136721032
236	0.0
237	0.15524668278292453
238	0.4079038222028164
239	0.010538461608425571
240	0.0
241	0.3340313407865815
242	0.3128236540641493
243	0.03395704623675426
244	0.03335843764741822
245	0.5700806382771471
246	0.09761179329115931
247	0.896729859874594
248	0.14824908213213978
249	0.3868919831694802
250	0.8253572052495246
251	0.3021357030663103
252	0.014170668327562374
253	0.010123448334198468
254	0.36449864316884945
255	0.023230083632299284
256	0.001478611582121459
257	0.0
258	0.1055694948070179
259	0.00358226187453313
260	0.04948075092706635
261	0.14063216084186664
262	0.03306448430328883
263	0.020085635416239846
264	0.35551505638944847
265	0.018978742815239633
266	0.37642331835114273
267	0.5472194395524128
268	0.2654322591967613
269	0.7025611715178378
270	0.9116014950249676
271	0.17039603499387443
272	0.48564519903303427
273	0.06450243980063984
274	0.0
275	0.18415188041546338
276	0.07341657282505841
277	0.06095811130347492
278	0.0015137657348609163
279	0.37517786367421346
280	0.12328598024868145
281	8.387045653185249e-05
282	0.0
283	0.6367720692019618
284	0.23039376665018746
285	0.12615699848766876
286	0.0002769706159456937
287	0.4148105077933483
288	0.22524942970859654
289	0.026889197541417227
290	0.37115285869918735
291	0.4864111473249759
292	0.0
293	0.09840230420085203
294	0.6737915976543905
295	0.1930984890958685
296	0.0
297	0.33158542244914574
298	0.21827847020770005
299	1.1375420315632358e-05
300	0.0
301	0.45406293814537313
302	0.03298994562171465
303	0.0
304	0.19299960289873663
305	0.5506100946751521
306	0.009116203037730196
307	0.06775429866524237
308	0.6452136239433083
309	0.3070209241134551
310	0.032428417858595446
311	0.5933181974816031
312	0.7499076829503343
313	0.33616869615261274
314	0.34205358996261404
315	0.14253779211314546
316	0.009997852909522782
317	0.2997882193687238
318	0.597415969026158
319	0.07128196822875305
320	0.0037624194960849196
321	0.2707857128025717
322	0.35374020036321097
323	0.021220808924482117
324	0.3594984307072867
325	0.4014459938350608
326	0.15551796572302862
327	0.0052417314255107685
328	0.19970426858345
329	0.4444226631809574
330	0.0
331	0.0017954229067948767
332	0.4953708069183495
333	0.4195798393020962
334	0.0
335	0.4208068931879559
336	0.8978141724425502
337	0.26726772014492217
338	0.20225721581291986
339	0.7076061989030998
340	0.8046140244341118
341	0.11181888219795114
342	0.28488411586853074
343	0.5582714500378911
344	0.40821561068037543
345	0.004081150171035906
346	0.4472770402934253
347	0.755842528379017
348	0.5479815921330734
349	0.08341263043095742
350	0.481081508253551
351	0.8814078779342068
352	0.2292715603441581
353	0.6169514688934227
354	0.903207731432771
355	0.8790396069571854
356	1.000451853894792
357	1.007075953615914
358	1.0071939471022877
359	0.9832923495098445
360	0.9130795461001476
361	0.8764548544258836
362	0.9841778489906885
363	0.6610144329771691
364	0.9891760920487047
365	0.8700511572099244
366	0.9139606121720123
367	0.9688841029981211
368	0.9564729249202654
369	0.9716139345294306
370	0.8853710897766082
371	0.9576491326668078
372	0.8903651118523211
373	0.9073922435637967
374	0.9322584158291183
375	0.9159097738333208
376	0.7696792910265455
377	1.0570972127977112
378	0.8959329477371567
379	0.953432591329284
380	0.9952972598888362
381	0.9959240425937179
382	0.6470324433689126
383	0.49720083566444584
384	0.13745835096675832
385	0.27881289583626945
386	0.3028639146069315
387	0.23360752298222254
388	0.009003566339904331
389	0.49758863534384695
390	0.36080437364659856
391	0.010137234313734401
392	0.028177795245949
393	0.6355590023972608
394	0.45623620420330147
395	0.0
396	0.33414793073369703
397	0.7519378679377637
398	0.16708059985086934
399	0.2341572422974536
400	0.33181215076804504
401	0.09341685744939496
402	0.0
403	0.39831504942024865
404	0.50953363469207
405	0.023303164063490346
406	0.08108895550179322
407	0.47873949209060634
408	0.29492617658255044
409	0.0
410	0.0725751655574559
411	0.7189744716763304
412	0.5636998042547894
413	0.08955732251651706
414	0.5856673792725566
415	0.18010032995752306
416	0.13807297079950157
417	0.8463370440806525
418	0.9125737629471998
419	0.26233012240645137
420	0.4606948451562988
421	0.6689579363183278
422	0.0
423	0.006245728183189027
424	0.25293608291022546
425	0.08153428450808353
426	0.34789783757727205
427	0.38636377646930214
428	0.4226270073306075
429	0.19111065454812923
430	0.8199739171605496
431	0.8116902547278869
432	0.09823001814703433
433	0.4734703492201401
434	0.4904633297512611
435	0.8333895259216315
436	0.6090836239439602
437	0.16352125282476465
438	0.5477100376819646
439	0.6436308711345902
440	0.4182330630893755
441	0.11574178401880453
442	0.6575590924635011
443	0.9286715332391682
444	0.574230722761798
445	0.16714088879029318
446	0.6066940529235948
447	0.23306707613257174
448	0.7710511592462821
449	0.6112740143949961
450	0.2364513990906946
451	0.849344270695023
452	0.7682631719985205
453	0.8292353394589504
454	0.6935890408570865
455	0.4309105325783345
456	0.33662653450053176
457	0.751702431988578
458	0.3999745805506534
459	0.010705544808271517
460	0.30036543964386464
461	0.6168174661785109
462	0.03065004815993776
463	0.07071383685199281
464	0.5459751082230788
465	0.45022747655634104
466	0.0
467	0.4483202514048679
468	0.6104990168302267
469	0.03843664389883833
470	0.009168621140421003
471	0.6886390812537823
472	0.3110154309572527
473	0.00021639993340063707
474	0.5486228686993978
475	0.6984502692952557
476	0.32439937986863854
477	0.5559848110287864
