0.08854915408591062
1.2650024339702282
1.0778828783396792
0.0
0.6402926474364019
0.01527144839300022
0.11981332765247188
0.5918845452470424
0.1653181048642654
0.8092819845831721
0.8427957693411302
1.0237070824831296
0.05013652188640956
0.7395871804974633
0.03280822036582108
0.9670978358356542
0.426511311351335
0.9660554430893886
0.4907165281226177
0.0
0.6101185116368851
0.7352443288329961
0.19425555941678802
0.10595194877490688
0.5836287742205547
0.4976972268735459
0.0
0.48278733731499995
0.6306382889304044
0.14089736022460572
0.000567174411653862
0.2762291827100566
0.7254704844009514
0.14621582749048528
0.03946729221462503
0.46149497515562765
0.3633665123979626
0.016508847546610337
0.0015739701110397653
0.7337347173606413
0.9092394256027198
0.0
0.2367685160805743
0.7807194533606272
0.13791462617959183
0.00017252905838059096
0.5315312075906952
0.42636030675236647
0.0
0.1470469018318341
0.7774168730680588
0.49385543229355006
0.0
0.18146117155070743
0.6070669264489923
0.23604871718898499
0.015049326112721756
0.5906214009968146
0.5000377365719884
0.09071727394892534
0.0744407065047648
0.7464606754922662
0.5062490238817418
0.002066658153928276
0.26265530272082627
0.48646526212545194
0.45667557558919825
0.0028119638911353116
0.2527885842464517
0.635725492331949
0.08307045573734784
0.00024220300029783448
0.6518150851973465
0.5439893350464697
0.19669121458253466
0.0740544381555611
0.6613994420072227
1.0173956063373262
0.0044366898319113165
0.0710264996783945
0.8052906673977145
0.5505703481583699
0.008001373494074204
0.3614108621901235
0.7161304661747648
0.20562386875567842
0.008581360295529774
0.26559306850904624
0.8644322590507483
0.025385467266313484
0.018042047449726525
0.6846851742414577
0.003007985656078946
0.0
0.46685543135714425
0.5349673728416552
0.06013668341450922
0.05767256774088555
0.559874298262698
0.4250373422038947
0.4379844987620394
1.0059331942933618
0.31168530144346623
0.5074789226091577
0.03655640744871555
0.24941734505007462
0.6592374936756493
0.02241786164889876
0.0
0.121682219798642
0.8360672242896506
0.027146493222386266
0.0012114337750836382
0.017772675922479147
0.0433441616923215
0.010597294949291326
0.0
0.08226687112603018
0.17235372607771493
9.997033127750595e-05
0.029818863189314117
0.07116439537189995
0.4304678677487293
0.16070248219302957
0.016841350416845185
0.014354182696465389
0.6575682153399057
1.1708346628008823
0.21999636258936425
0.7851838431219856
0.8498040592045254
1.1175533030767963
0.4873697044359054
1.014979735997368
0.361248405201467
0.13300191363559058
0.2125438201251869
0.721425252649518
0.4137155431955555
0.004414533296110817
0.2903841172195371
0.8165580254780826
0.045743800586316025
0.006747884895162765
0.6477463904397697
0.5996218725789944
0.30348273510441315
0.7958028387291548
0.005596974463372692
0.0027467473140943333
0.27439996972673136
0.6980549249493498
0.2941434268561224
0.07881826483783413
0.8053665826437052
0.5648188103368853
0.0026864216750647598
0.10939282951889923
0.5162842433112244
0.05708556862831273
0.0
0.1492999534330838
0.3674453665276713
0.0
0.0
0.16936154637412335
0.0308889471527236
0.0
0.1271055658199316
0.09991277275384067
0.00015458442366805827
0.11095486305865737
0.673906628093983
0.0
0.0
0.6071706154035451
0.1529931191513753
0.0
0.19645351454917062
0.689986964069842
0.013915457560452114
0.0
0.4490130520425313
0.39079973994178047
0.03721447872203567
0.003935302817470972
0.6427325466544653
0.050227245735789544
1.0434329755055614
0.06053781228063015
0.862838845418606
0.9528475897273136
0.08633644932389821
0.04746294281489095
0.022527728469268767
0.21270706955140953
0.03302614833779478
0.001864593691170231
0.0
0.09897124348545035
0.0014392974979553096
0.04025448650740403
0.13089693835585153
0.09324212388343028
0.0
0.2262820526996688
0.05347797914466528
0.49593445774746336
0.7204501132625241
0.33472165504157914
0.6629086718685538
1.0867278781847773
0.1829157408295468
0.4324793141870241
0.07307116714866077
0.0
0.4097935231308981
0.12695596967636277
0.04195524240349029
0.00316713179265353
0.18568659758627515
0.13968819938500865
0.00011074631400769505
0.0
0.6982341270976924
0.3125504922490061
0.043051841449832574
0.00045471030385235033
0.5866856083425114
0.27809265807174477
0.033365740001193044
0.455149709757631
0.736745117881322
0.0
0.0881847765310157
0.7543594159950054
0.10887250861269664
0.0
0.4050622725146094
0.24942991626692274
0.0
0.0
0.5647996945057646
0.024228223042240107
0.0
0.17274601899798722
0.6176894386971993
0.007209273802196328
0.02375058711287794
0.6900014560289708
0.6158544480412302
0.007948712762896486
0.5920833460441098
0.691064524774769
0.425064399659259
0.3326547813000528
0.004257160805920022
0.015953240722002066
0.1634511466049384
0.4310147262079476
0.06727427488412237
0.0
0.3197229634750759
0.7249844613551978
0.02676036554870433
0.4348075583046379
0.6275775504738059
0.05888735766699364
0.00663303422917122
0.24902701789326587
0.260999488087546
0.0
0.0022719785944485035
0.43908684445160107
0.38549170318225284
0.0
0.48727163408611185
0.8956201380113206
0.2320404592920567
0.30637788402067134
1.2205039932295876
0.9745987311099452
0.14100848716527922
0.4870160147281632
0.7287094119708619
0.4370005722764389
0.005164402099489737
0.7742665302796484
0.809935842246457
0.5617567935091142
0.23404783832286696
0.5887219077532055
1.0037686915681896
0.4427265715038595
0.5483924926027686
1.0181500876635339
0.8105837780120134
1.184937742976417
1.0412574893020965
1.2062748859735495
1.0110689520327512
0.9750242603893657
0.9728392337491358
0.9805883304717349
0.6140108138206827
1.0053145029524837
0.4207706081707454
0.9502835029997543
1.024075388586347
0.9911705141174634
1.0537936914694186
0.967833393061051
0.9979207443768486
0.9692800190561668
1.0152256869705079
1.012806409337549
0.9875444048531176
0.9254955889512761
1.11951994368888
0.9444106090767677
1.2772703812636048
1.0724415074784992
1.186432608185322
0.7873816472851832
0.8748003808645993
0.1489129994040557
0.38192324858417753
0.689138086656986
0.16183711543217477
0.0
0.6812888130180332
0.7204186930679016
0.006964372435121313
0.03565697385015207
0.8876983406241459
0.5434228463758036
0.0
0.309043707527607
1.1086945299334332
0.20247405297800272
0.29630915380522443
0.5342124417181875
0.10726180466325548
0.0
0.5015688758085454
0.7562302364525328
0.028471755085794595
0.09186109300199016
0.8743828677739666
0.3719772817411734
0.0
0.20883675522768405
1.101389890631774
0.575730035002147
0.05025525598355823
0.6574407341347973
0.14657830429652938
0.14593285153882632
1.0217856594452333
0.766040399701786
0.2227133360062339
0.5318805041011724
0.7744393450274377
0.0
0.008298443113670347
0.06708014453037864
0.042103153551600374
0.4766683581068389
0.35526276188276296
0.3832943135626193
0.2523510832537944
0.9051002543727698
0.6689696890942995
0.04416967032636524
0.7071733041705472
0.4571286697658953
1.0122815209736842
0.8217083898090334
0.23337856769562948
0.3593465054203415
0.6089285053391962
0.84905319232758
0.17859464335118053
0.5594759301500705
0.6664303904480273
0.7399365085170476
0.1995049559816328
0.14153698429327974
0.28136256021051853
1.0378462250930778
0.8021075200470865
0.20074833668790312
0.8000013145978088
0.8614700413917289
0.9472077151293791
0.936378159896881
0.38810145574754557
0.7721186942287919
0.8452281356646383
0.5281443827116412
0.014136081714423689
0.5872246694974786
0.7381390922617789
0.03825670082687851
0.08948327608555263
0.6947583450473083
0.5277636621464229
0.0
0.49596466036828374
0.7737887744806897
0.04863880919091856
0.03199859811245366
0.696725807064683
0.39220402263279935
0.0002728897537848051
0.5105956951722366
0.7984756498968787
0.2900825322849552
0.686037404208523