0.9840040449995822
0.922845919886236
0.3114552906171922
0.20757054949305004
0.6295145156628577
0.04202670268824872
0.02406711686766887
0.5203720271289928
1.4639393040873812
0.569232993197967
0.17045743669372657
1.287915013534454
0.3930187901458258
0.80866245189367
0.09281627306386422
0.12222144969905384
0.16519591743200776
0.669957448105986
0.22602265216101963
0.0
0.44715184030385596
0.4655478214733752
0.2480859315927645
0.1788402961223054
0.018900644340669515
0.17094867448689446
0.0
0.41483707619356663
0.009555813971135611
0.3057213296364246
0.0
0.33042463642188896
0.6218083079462919
0.0021818291276640657
0.01591397072524971
0.29510963108831034
0.520366011635869
0.29392890436543295
0.005163750755737105
0.5715169960394992
0.6213510391023636
0.0
0.33086996055623064
0.01398314949160882
0.0
0.0
0.031903896553015905
0.4571512302966171
0.06729978377706586
0.02220264705175545
0.10953837373689311
0.033835182333038366
0.0
0.48863799321071577
0.6352417149101863
0.032709472914004466
0.0
0.4032669796634407
0.0
0.0
0.0
0.5672052794829208
0.30898357257943604
0.010860863595773929
0.4468100640951757
0.5438900688435916
0.5187688619428704
0.0035151334231340505
0.13927476712296682
0.02134488288961035
0.012480620160503574
0.0
0.6232625104532237
0.9012777358208873
0.6553712775475402
0.014292994594175773
0.5501451003835527
0.15287947176732777
0.0
0.5060174289430697
0.14445112375637983
0.260665609574884
0.0
0.1400904227525496
0.5825023276517125
0.041688443058600894
0.0
0.0078713999219239
0.3813487629082246
0.026348253595422127
0.02076704944371991
0.33666001527480743
0.40428728702255023
0.0
0.1534709253931322
0.013745964704750637
0.12731754124740777
0.14904229115882484
0.8554944518902693
0.3817994290501337
0.27489472880340976
0.9977853876278827
0.1262790723722735
0.5694329876584266
0.0431646425496619
0.5232857352960059
0.5863073311292943
0.02553538547123572
0.0
0.31913347122747815
0.3394386690864644
0.02975182453880677
0.0
0.0075761024914486625
0.09038602905474183
0.0
0.0
0.0
0.0039017036367689313
0.0
0.07244187046746253
0.05510856140069178
0.17802386279772844
0.7036432440943687
0.2762551513485389
0.4703170932479586
1.4934878948879098
0.8261808783752526
0.3372611485582451
0.22749719851705066
0.5348864066171575
0.7200407743795969
0.0343135234573708
0.14226871319404075
0.5350795642380722
0.0
0.3417067194593165
0.7104308179429766
0.20384488674406093
0.0
0.4654019366246628
0.03265460841774425
0.060021101530771455
0.08601309407375914
0.5609053344149081
0.9467410428563445
0.46778422239124956
0.6429573355114746
0.01707286723423928
0.03224634380314742
0.20941232480043867
0.8322715015396781
0.02725600100726432
0.0
0.6230526983662874
0.020675133448789334
0.0
0.1978219120610902
0.2619000418734929
0.30217025619070637
0.0
0.21612165294236088
0.31822820423187936
0.0
0.0
0.39510095196302414
0.0
0.00034568988568249196
0.16925509809281886
0.0
0.0
0.008570297311163117
0.2941839186527524
0.0
0.0
0.5852280453985378
0.029065033582668428
0.0
0.0
0.2888337827308601
0.0
0.0
0.28785416987333273
0.2250637206765508
0.03029089584326671
0.04582666342705778
0.4880534720000795
0.2792065684349165
0.7231176299363696
0.5623045157127923
0.07377255684251247
0.6744818141600235
0.39358190124637504
0.0
0.0
0.4318113064512014
0.007964938816978922
0.0
0.0
0.10849551934761849
0.006921629521235345
0.07755320212608754
0.15660191005555044
0.007449409049124325
0.03329972114258649
0.5675100736601458
0.004293874955086698
0.3338398270440579
0.4058414832255046
0.0
0.7643514074578055
0.6387031751090054
0.13136188841731897
0.5485630708522901
0.0
0.0
0.0
0.029721710086838226
0.09213059360772734
0.0008099324810500138
0.451278405970307
0.07211975999922636
0.0
0.0
0.614872277924439
0.1633435744705469
0.16151282098387873
0.0
0.0915031994490816
0.18212272777011682
0.006679911408512842
0.10905668132654588
0.3807427420525796
0.0
0.10273204141728111
0.5784455748844464
0.33126356827357656
0.0
0.2990017793019338
0.2051291416539622
3.003576525401004e-05
0.0
0.029863096682114842
0.03875417218842976
0.0
0.20154883777519594
0.5222952507337754
0.016425643723361107
0.2051306128922094
0.6272266297121148
0.05497403470856988
0.07057498533814116
0.5953438592270078
0.7760019489121894
0.0012545941442967906
0.35747148282167496
0.20113501984072107
0.0007176102690377031
0.35733742464213747
0.664243454422414
0.08381134839462856
0.018180302602718197
0.0833404150057511
0.05075832196347972
0.0
0.003989343531926142
0.2526769002548497
0.26427304916629096
0.0
0.14401673814906052
0.5221493083362286
0.0
0.0
0.5154255703365357
0.4754983337975049
0.0
0.3971245759532546
0.9004106490649363
0.281415146091535
0.006400033046497808
0.2890172711257827
0.6034497624860389
0.0
0.05739024028123463
0.36644822606344385
0.3758189305469372
0.0
0.18041260546480342
0.6918271132674642
0.4953451252866498
0.019293525602426254
0.27860350114175036
0.7432571943537398
0.08884220584626548
0.6413799915034714
0.8622521614993525
0.9093966554657807
0.9347169500718513
0.9510042456060487
0.918910599846468
0.9650184737116418
0.7965578464530649
0.7183450250799122
0.9900661284447951
1.014841552444766
0.982363911743958
1.0604364222809797
0.7750242069287274
0.7083445882608008
0.8259738887583743
0.9367897810201047
0.7877830849310439
0.9099906744117422
0.6442730853003258
0.49443933494576714
0.8369358542740835
0.692550115945334
0.47657954756601245
0.9866192330633602
0.7448525378077162
0.8167375085434873
0.9081980471401163
0.9155085229898154
0.5877896784891675
0.07222296506502883
0.09360332385488805
0.21097789772697037
0.04873901800465428
0.26543443643941644
0.01299623875863645
0.41612595655342133
0.20900766957996428
0.022297761096265484
0.0
0.5457182279573742
0.35305729553942206
0.0
0.36385691239322643
0.5172321681995089
0.0
0.0
0.1986555570020226
0.028059513618423168
0.0
0.3303856618159559
0.04548262300967346
0.0035043846225520678
0.0
0.15584487596738925
0.16853082939988337
0.0
0.01457461891156975
0.4673881999735056
0.5501171502006108
0.11541365544433646
0.04538218717096517
0.28478844866170905
0.12328806665911879
0.7722784760340421
0.9714222188030566
0.27911796776543446
0.3805773499416979
0.26495340976485754
0.0
0.0
0.32757666129494073
0.11371503281836903
0.30201509920427977
0.399491817407611
0.5734560852557191
0.0
0.7840412617566322
0.8749803382879446
0.18691111386321324
0.3197201283673646
0.5023409355617464
0.6216841504392812
0.20912376635246743
0.03211547987164909
0.6312407022612552
0.6575674968720601
0.06662980419933816
0.01779857635221644
0.7736332225553434
1.0339887522897377
0.5151874325472996
0.014361002054759141
0.7935032178336044
0.04807075462833293
0.4698279193217465
0.5307213344291803
0.37332232399716353
0.9077379905757269
0.6230195050929931
0.689623804126775
0.49544266912561685
0.7531625764406814
0.15280105558192417
0.04767302059986408
0.0
0.0
0.11164437724647455
0.5735888731304114
0.0019925351239414835
0.0
0.4829273398710144
0.3584691657440477
0.0
0.3919366357696367
0.4261377742793256
0.0
0.0
0.6857576676883965
0.0
0.0
0.5654861916508064
0.5858744630096798
0.3778751034085542
0.47042485339751094