0.581607001900628
1.0586213964908011
0.5395689653322978
0.042956792265324895
0.63234601278706
0.021761634030835857
0.052655192592667745
0.5770520434720413
0.3176015761528007
0.6993405302400992
0.47259097771816094
1.0546895590563807
0.21145702007531703
0.7881003162091819
0.07490712270636707
0.45748759042049
0.2454765882682893
0.8304437747849598
0.3872515164313623
0.0
0.49552350701597914
0.6117244336679984
0.21464269135999364
0.15969197336672308
0.46672560205482333
0.34396737807996847
0.0
0.43571258782918526
0.5020699488080178
0.2584939940798349
0.0003454741289421401
0.31433837533047926
0.6490411494708678
0.11639980199796275
0.034590726724163155
0.3388203254029251
0.4580650442181565
0.11279982901875592
0.0037392442568779946
0.670326153894459
0.7068018921398443
0.0
0.2798665920263964
0.6466902035248083
0.10936546904495477
0.0001363404674063203
0.4267307652995988
0.449062220689119
0.048016244600891204
0.10371414513867513
0.5455999058949115
0.3822157325477647
0.0
0.40794030780229884
0.6268788916041597
0.16547077979122377
0.012418630423415681
0.4588774032650909
0.39515302155438475
0.0687020534235824
0.05637547484130671
0.6222756801463284
0.41359452923824747
0.005119078670935203
0.34699742877128936
0.5274360262317807
0.4801921141251237
0.0031427936531674356
0.17180010400649756
0.42247734957313804
0.055477908925643006
0.0001998647331855354
0.6387381229718697
0.7989031888780761
0.5239447785737039
0.05142103649488798
0.6483531454054818
0.495939110768571
0.0035182683513357775
0.2756826161140863
0.7277969843047252
0.3368257875016981
0.005224140601454664
0.32272296868427575
0.6221657491791082
0.1769671558586608
0.006498840273820634
0.12368565079520957
0.5247373078075729
0.02555376701785969
0.018518391104269893
0.5209450301045878
0.28485356948919804
0.0
0.27782901564216045
0.4270706408295378
0.08558003365217079
0.07682921476913147
0.6210218041984181
0.4012295629177258
0.3396124539788133
1.0002104387991926
0.27278849159718
0.551681167764646
0.038157250141993206
0.44177363175475043
0.6080137097128936
0.023636456667593703
0.0
0.2625573764969896
0.48684765004871455
0.02768415554576542
0.0009996692358529883
0.010610933011793897
0.07171874756632489
0.008403591155210468
0.0
0.07261980490332173
0.13147362076312352
7.900119447167388e-05
0.04596143917513698
0.06361038813722414
0.24434282132033663
0.273055298451839
0.11824245706792877
0.3396691452897864
0.7555927590606796
0.9810604431115943
0.24425209595413208
0.7197864368710316
0.6286161002178668
0.8777827749510053
0.3301163867461327
0.8343153819946298
0.4833417809131539
0.10510428354051367
0.3046974203259252
0.7136941792607409
0.2665198735746807
0.0035006983517109555
0.4116333937944448
0.38492295861725995
0.050699373505157436
0.06166143200213847
0.587584429470285
0.8434271345831266
0.33746807950309765
0.7258002246103343
0.008380814673395838
0.007903420824838353
0.23861629299767761
0.7938141623401185
0.2474902016251883
0.06957560117453881
0.7218675707597946
0.4521766449255185
0.0021229350595586595
0.1439584802194926
0.39660063786950367
0.23778464627245297
0.0
0.1896052847747451
0.3449041078861992
0.0
0.0
0.3357974946316672
0.023392833636947812
0.0001626414362581568
0.15630602274156907
0.07895570905551616
0.00012756231158599925
0.0897601648418637
0.39393996008623117
0.0
0.0
0.5915152930622027
0.12733764136721032
0.0
0.15524668278292453
0.4079038222028164
0.010538461608425571
0.0
0.3340313407865815
0.3128236540641493
0.03395704623675426
0.03335843764741822
0.5700806382771471
0.09761179329115931
0.896729859874594
0.14824908213213978
0.3868919831694802
0.8253572052495246
0.3021357030663103
0.014170668327562374
0.010123448334198468
0.36449864316884945
0.023230083632299284
0.001478611582121459
0.0
0.1055694948070179
0.00358226187453313
0.04948075092706635
0.14063216084186664
0.03306448430328883
0.020085635416239846
0.35551505638944847
0.018978742815239633
0.37642331835114273
0.5472194395524128
0.2654322591967613
0.7025611715178378
0.9116014950249676
0.17039603499387443
0.48564519903303427
0.06450243980063984
0.0
0.18415188041546338
0.07341657282505841
0.06095811130347492
0.0015137657348609163
0.37517786367421346
0.12328598024868145
8.387045653185249e-05
0.0
0.6367720692019618
0.23039376665018746
0.12615699848766876
0.0002769706159456937
0.4148105077933483
0.22524942970859654
0.026889197541417227
0.37115285869918735
0.4864111473249759
0.0
0.09840230420085203
0.6737915976543905
0.1930984890958685
0.0
0.33158542244914574
0.21827847020770005
1.1375420315632358e-05
0.0
0.45406293814537313
0.03298994562171465
0.0
0.19299960289873663
0.5506100946751521
0.009116203037730196
0.06775429866524237
0.6452136239433083
0.3070209241134551
0.032428417858595446
0.5933181974816031
0.7499076829503343
0.33616869615261274
0.34205358996261404
0.14253779211314546
0.009997852909522782
0.2997882193687238
0.597415969026158
0.07128196822875305
0.0037624194960849196
0.2707857128025717
0.35374020036321097
0.021220808924482117
0.3594984307072867
0.4014459938350608
0.15551796572302862
0.0052417314255107685
0.19970426858345
0.4444226631809574
0.0
0.0017954229067948767
0.4953708069183495
0.4195798393020962
0.0
0.4208068931879559
0.8978141724425502
0.26726772014492217
0.20225721581291986
0.7076061989030998
0.8046140244341118
0.11181888219795114
0.28488411586853074
0.5582714500378911
0.40821561068037543
0.004081150171035906
0.4472770402934253
0.755842528379017
0.5479815921330734
0.08341263043095742
0.481081508253551
0.8814078779342068
0.2292715603441581
0.6169514688934227
0.903207731432771
0.8790396069571854
1.000451853894792
1.007075953615914
1.0071939471022877
0.9832923495098445
0.9130795461001476
0.8764548544258836
0.9841778489906885
0.6610144329771691
0.9891760920487047
0.8700511572099244
0.9139606121720123
0.9688841029981211
0.9564729249202654
0.9716139345294306
0.8853710897766082
0.9576491326668078
0.8903651118523211
0.9073922435637967
0.9322584158291183
0.9159097738333208
0.7696792910265455
1.0570972127977112
0.8959329477371567
0.953432591329284
0.9952972598888362
0.9959240425937179
0.6470324433689126
0.49720083566444584
0.13745835096675832
0.27881289583626945
0.3028639146069315
0.23360752298222254
0.009003566339904331
0.49758863534384695
0.36080437364659856
0.010137234313734401
0.028177795245949
0.6355590023972608
0.45623620420330147
0.0
0.33414793073369703
0.7519378679377637
0.16708059985086934
0.2341572422974536
0.33181215076804504
0.09341685744939496
0.0
0.39831504942024865
0.50953363469207
0.023303164063490346
0.08108895550179322
0.47873949209060634
0.29492617658255044
0.0
0.0725751655574559
0.7189744716763304
0.5636998042547894
0.08955732251651706
0.5856673792725566
0.18010032995752306
0.13807297079950157
0.8463370440806525
0.9125737629471998
0.26233012240645137
0.4606948451562988
0.6689579363183278
0.0
0.006245728183189027
0.25293608291022546
0.08153428450808353
0.34789783757727205
0.38636377646930214
0.4226270073306075
0.19111065454812923
0.8199739171605496
0.8116902547278869
0.09823001814703433
0.4734703492201401
0.4904633297512611
0.8333895259216315
0.6090836239439602
0.16352125282476465
0.5477100376819646
0.6436308711345902
0.4182330630893755
0.11574178401880453
0.6575590924635011
0.9286715332391682
0.574230722761798
0.16714088879029318
0.6066940529235948
0.23306707613257174
0.7710511592462821
0.6112740143949961
0.2364513990906946
0.849344270695023
0.7682631719985205
0.8292353394589504
0.6935890408570865
0.4309105325783345
0.33662653450053176
0.751702431988578
0.3999745805506534
0.010705544808271517
0.30036543964386464
0.6168174661785109
0.03065004815993776
0.07071383685199281
0.5459751082230788
0.45022747655634104
0.0
0.4483202514048679
0.6104990168302267
0.03843664389883833
0.009168621140421003
0.6886390812537823
0.3110154309572527
0.00021639993340063707
0.5486228686993978
0.6984502692952557
0.32439937986863854
0.5559848110287864