0.8922909215669002
0.4989730343281738
0.6866651053873823
0.13398102162649575
0.6718021486898759
0.42006592060882947
0.5956920727133822
0.46587697689455204
0.6890437707755865
0.7008229329168609
0.2267180405190622
0.21875432573854034
0.0
0.2904038468882899
3.627219895454319e-05
0.2916869115726655
0.004431210148654211
0.46657880839154325
0.2495132625775435
0.30030471351626153
1.0107738226308167
0.15665082192131666
0.7384122631350025
0.5053757313064982
0.03719675495587532
0.31944361435563184
0.026008307921245956
0.11206931841387335
0.1250234548580711
0.48853693566985545
0.9337978497001959
0.7104413100068271
0.5976123078539676
0.19706125895482807
0.3215960219810173
0.6213871808358604
1.1455791555604473
0.5050717637060116
1.023725787642344
0.45925888036902723
0.756949348004665
0.3397868858715176
0.17596032367404238
0.297563463161461
0.446175091554158
0.6778800299632877
0.30141185485141264
0.28685181186538244
0.4192986832648455
0.0019915614787789043
0.22316937347988167
0.003207196003272611
0.41252422911956677
0.5776809129395065
0.04048408070190666
0.3866108642830988
0.2022464538625063
0.8388140406548974
0.7678519468206049
0.20052755514610862
0.13993011478014916
0.10017268091390338
0.591994270403153
0.006524858758200401
0.0068872175063537265
0.019273982607302818
0.08677923041982831
0.2511439187937581
0.4211472860713438
1.0287569120299052
0.4372794513608359
0.5753354455359029
0.23177144284137105
0.7321899206587503
0.7992201804460043
0.06944895952944123
0.9056602944525308
0.33712457999025947
0.519241071595777
0.16328258843624358
0.6909598414275298
0.06634218819647052
0.6701544421624672
0.050259021794108356
0.7995679439303491
0.3066155403735168
0.8228535710684144
0.8145934483083205
1.3347138320980914