0.7223943686254846
0.5921507041169807
0.11352355315731658
0.2851599593603779
0.5961520000806463
0.8572749487560946
0.47124205884231113
0.7769931668481308
0.6331500249198475
0.42854968957759654
0.26930207127230243
0.27590401332719555
0.0
0.03005770464693544
0.0
0.2553680317734611
0.00631664849743462
1.5999265798645042
0.20203215869705657
0.25662117419684854
1.584619866717197
0.09673703209559699
0.6984796492829534
0.40899143088010975
0.1690608205963896
0.0
0.010295567816280332
0.09085121904749101
0.16075022067303246
0.2892602410817315
0.9928929540307617
0.6170052462430881
0.5832192470076798
0.09279525270226248
0.5318947182323182
0.5015781234613494
1.1325852563168324
0.6405100708942926
0.998063008975235
0.44072669017148397
0.5453099747132065
0.25978363993159637
0.40337016183901864
0.03436344693297675
0.6109504005973396
0.7522650588532026
0.2855051995666075
0.3614273740995874
0.42965478574596794
0.0007756170897905777
0.31544098993905356
0.0
0.580667428464563
0.5021664806998638
0.21846048097919668
0.22069966695014825
0.17106811154566468
0.8625536379652303
0.7185642925164742
0.12767292310541054
0.050253985781653104
0.01798880506201423
0.5582419894683526
0.004597410835942511
0.0
0.02425037615870304
0.2179992084841906
0.0
0.2629471156569379
0.9077684399367036
0.44943467153216543
0.5441020900559685
0.0
0.7374498281261264
1.0443861199188393
0.1106729088460767
0.7244482283559709
0.05911765896436399
0.4938496624550004
0.0
0.8863250862604356
0.0007102520522677696
0.4174709975373167
0.008279558339995762
0.4825006743865919
0.4901661211620551
0.7647789590885808
0.8222001708773212
0.9985961043843812