1.0154947987128724
0.2474806759213287
0.7628032128459504
0.04182174133061747
0.7357268647243896
0.22206700826006393
0.7848582138998612
0.22421836513449828
0.7740032166695955
1.0344398460644504
0.12370762141305844
0.09715645848900475
0.0
0.13978580114457495
0.0
0.13097562151866188
0.0
0.31602096787800343
0.382769617337914
0.3269343724145164
0.9345421280357884
0.23006330039876963
0.7991105164731472
0.7337151726261124
0.002208500823928945
0.24802574000165037
0.031172441752598028
0.00016805751456198066
0.0933800635962162
0.6157608416520244
0.7943423046019171
0.7893952043915241
0.5626123701562549
0.1351081906408125
0.06391663702984868
0.7681894424102818
1.1762428005865062
0.1842113407965215
1.0842860798746572
0.5029920578486147
0.9357855709083742
0.23705585271889226
0.02904415874747998
0.6200629341988326
0.19571381473341054
0.5023425659295908
0.3390955519361889
0.1108647178379939
0.4101262268366514
0.00038887923273479825
0.08291494454343175
0.001671305462738217
0.27044246895297586
0.7565785466089735
0.002782519978682989
0.6387987106550326
0.27610957508043216
0.4275015198605826
0.8846169738838524
0.2913118984571786
0.2762393585602311
0.20087273735701125
0.6125697947845389
0.007699838659406984
0.0017888169622010508
0.007576402729346657
0.006787011132377562
0.2845067461830544
0.6789999371055501
1.1770043126600218
0.41880330962681744
0.6017277714806034
0.2625607634764244
0.7197289251731755
0.22066549108518557
0.04753367877035112
0.40289699699872145
0.39601606671661316
0.5347197753569539
0.13175448521614697
0.5718644130000455
0.03753366743580442
0.6056355986916429
0.07257594540194881
0.9093108724204707
0.1651573255938625
0.9590990987932452
0.7965727252860535
1.6303782797630366