0.8487425909274475
1.0489402348420322
0.971166377776148
0.2303319219857717
0.49121601104199003
1.0936177491143817
1.129199924857961
0.39674123598241096
0.6162110560307441
0.15153331016799415
1.1772389741564817
0.39601937701939
0.0
0.3715433257362827
0.509563144070687
0.6673609501756175
0.021993760715040486
0.32603224098290234
0.9713286051447195
0.06229133794448291
0.6457547138808672
0.6030949075878005
0.4528395221764341
0.0
0.0
0.7995486218982809
0.1242237964441022
0.0
0.001879464625066729
0.5034494772210609
0.1702093893783179
0.6699345710357103
0.2564977315504812
0.0
0.05944893875644727
1.0488595596407673
0.25622439083925136
0.004897854580455166
0.37867959748280106
0.3560867748094514
0.02390771928625292
0.6731370871653275
0.8088221522025801
0.12033909879597902
0.7023184025132737
0.005101861407584087
0.9570347133819963
0.6407188537480253
0.790765399441253
0.14956283753256755
0.2461933047824085
0.6515326053304403
0.17447281818125437
0.001905308814977749
0.28557174054602974
0.5938498407434845
0.01999077076991309
0.0016433193079957783
0.6318935823159688
0.7232948822887276
0.3001690054693017
0.28014143778957895
0.5095091711762179
1.4132344970624622
0.022725148274728414
0.007947890066047876
0.37219629096961715
0.5343740441294788
0.6583191687509795
0.010890377190128139
0.0015814913054557308
0.16793654184880533
0.408377264453253
0.003795557258026391
0.15614721817643468
0.6223794303342305
0.020995175470863325
0.00451726605442911
0.454271537817196
0.4464778108546488
0.011524393659208328
0.8716968441631319
0.5231245588017728
0.5788328651220691
0.1547240458295562
0.000918346592406554
0.7642176556452281
0.44092404100986793
0.006238852816761999
0.8263845554133931
0.01834683049617594
0.8844868775096221
0.7184355914229161
0.2525782179687131
1.149462074527845
0.01693407961522248
0.004689628920992963
0.3095984476821194
0.5226053726260187
0.030099690360229234
0.011970566705424164
0.3253851661728982
0.14280161957738735
0.08460097637952685
0.7360708249071419
1.1355248706237988
0.7960419926110719
1.2467171506676258
0.1653780834718936
0.6251419555365582
0.771539112497112
0.03718386236188589
0.0
0.48432888137398805
0.22170522738871123
0.011820482773267213
0.00894425471806615
0.584505579477702
0.22785411969595276
0.013208116140189083
0.19306567581571044
0.824968849618031
0.855420595883396
0.24686535589393713
0.7757695479161766
0.8033146841809804
0.05356857106165556
0.3853155446535989
0.36783990122356547
0.36241388497846055
0.015505418446644716
0.05829320777898464
0.5712626405876576
0.18473391241585888
0.0030337871973610438
0.02668885581569813
0.5345736574047684
0.24105818524355965
0.1773267858847032
0.5527773804280807
0.43399731752417126
0.08281211061505368
0.07986367142852575
0.09873408848067028
0.9689870153305851
0.1401400814516557
0.8546500085493821
0.3724951503798791
1.0866086973844993
0.7064252861011013
0.0
0.6614810756512368
0.8869905707480585
0.062439514492533474
0.28510372291174796
0.37404841957041135
0.8955702600007125
0.02255347556542182
0.04343182930708438
0.3469999485587787
0.07146127283223772
0.07082401418472407
0.6917497841112016
0.6377707869812383
1.1964753253831992
0.05216449793287289
0.04450008059073661
0.8159393449183203
1.0601606827688592
6.307398334543932e-05
0.8841639538927466
0.7369499503617644
0.8857937264420456
0.00045560199538258997
0.12717803480634726
0.20228870939804536
0.31771672024757347
0.0024358592781350374
0.018462190571973673
0.4243087162748753
0.07172132348047129
0.002297953750763899
0.28635489642417233
0.7177524630577703
0.0808714657182941
0.0057169275712296
0.5732738417380868
0.8828026036036479
0.48870158818091913
0.8726079729489612
0.9430345118219242
0.581393405697967
0.895426382970852
0.3132825696592568
0.15103405579049964
0.6959266513538228
0.4283265859252157
0.018141860717824473
0.2540599964808215
0.26232261679083935
0.021956879161497238
0.009108028197141115
0.23115523804485352
0.018806335487506452
0.0
0.38128322071491977
0.13812708801834309
1.3112314681601633
0.24557162058144102
0.022848690529026827
0.44074538591648627
0.671893148129754
0.11733694562198838
0.0
0.5436420238945648
0.7256817633905973
0.8429108786342497
0.08721420821853457
0.6255703108248032
0.04331098141191202
0.35907100223957517
0.7690755243535863
0.9334156655385648
0.00367680676533196
0.22052227332785881
0.8566212253685731
0.9400888867277831
0.12237876577739996
0.24490441490655138
1.0649516600494522
0.7596944445216365
0.14445831228113792
0.349424186528958
0.7925038498616348
0.610956297385145
0.019103381439317745
0.8600667175028546
1.0410975277975527
0.9438709105171694
0.08807914574061655
0.393948263547508
0.9311779932906936
0.4375063074747756
0.04676320884505425
0.43332685903682516