1.018576188294741
0.8474899317169727
0.2987259235202664
0.2399746832365266
0.0559551695115612
0.9799524382081694
0.8621356974900194
0.6007677021764803
0.34046105400803206
0.10946364971857342
0.6116709528143064
0.5009794444379416
0.023907678393321165
0.3941375293176686
0.7124952204858027
0.4174026077282471
0.0
0.4522282143765452
0.5495762557050912
0.21670994452667833
0.3288253239727158
0.6611502297180493
0.1838151952551341
0.13520698429070924
0.0005330078367240099
0.22707982956854708
0.5096164011897222
3.457207277973314e-05
0.022885128740920996
0.49170278546373536
0.03919339364084119
0.018925875836787072
0.0129166693115139
0.0
0.16593550193263176
0.4323515169848851
0.21332339223098873
0.004507411645358263
0.6865136906183986
0.36752314505151956
0.05073652685028977
0.5865607167247534
0.6432071394742412
0.17240515392297623
0.5579250400305906
0.7342968010682658
0.07731524267114989
0.5012046562935589
0.49620305831717915
0.008366078661893116
0.0
0.2715485504285355
0.0025290789834256436
0.0
0.0
0.39474292560705204
0.17906947519796762
0.0
0.20945791775775632
0.5033077805139677
0.5028941291166257
0.30759427304697295
0.8667813949938749
0.6033069826394674
0.24124673697583293
0.10381711707252542
0.019365636782462493
0.17542955547281183
0.5955596076470139
0.0
0.0
0.5194813660427017
0.24992064025509234
0.0033159414526496163
0.13198301824547354
0.6466479943300186
0.00603360257911575
0.007343465191585592
0.3268184786709924
0.5505526039288163
0.06841404112505513
0.16482607636743613
0.0
0.7349125125077487
0.05196429560951257
0.0
0.506301424935375
0.37389040584805866
0.0
0.690284763885094
0.1517772975498672
0.2125864388635979
0.29815480941779693
0.03352247831714541
0.48011208643415193
0.08518574474507441
0.0
0.5454616887893556
0.12436862510762971
0.0
0.004451600714325838
0.6300084875850841
0.2907942650870876
0.05038300079614114
0.5943839387399625
0.9177198376432971
0.4461145375807657
0.7716396695612826
0.6620350974666849
0.017753254864783744
0.08298638636022658
0.25898547691613166
0.0
0.015804631019922803
0.24743006510946763
0.005261039721152599
0.0
0.5958879503114892
0.4741377366937057
0.03286466539256835
0.02237415995502915
0.7220334511606885
0.6829007899698764
0.5590660892943519
0.5851378168210277
0.47037406810381166
0.07481213402931915
0.25644861348062614
0.5652935597088504
0.7251863017033833
0.002309200352522103
0.0
0.36148549245035816
6.14558060855169e-05
0.0
0.00492234134616585
0.70947464013825
0.578313277306687
0.0
0.10392762908419817
0.6021518729011083
0.046647167783512
0.016606060058332428
0.16001610751546314
0.4942225035630088
0.02992598089832672
0.3832080190236031
0.036401105345954816
0.7349877387177498
0.3671175172534874
0.0
0.3936985897541809
0.5580134162990681
0.04296115570714993
0.0
0.0
0.28665180350237485
0.03533132172485138
0.002582662157078366
0.5288329894894803
0.11589750573255446
0.0870846554234921
0.2877773412448959
0.4511347964048155
0.4846150821374702
0.013575723203306182
0.2543849232716758
0.7577123946461493
0.3866663279527013
0.1955542830716549
0.15599809242820423
0.2074376882202987
0.6498994550638739
0.034686769160990394
0.0
0.6164871233596882
0.0057390006419468275
0.0
0.07175865372018575
0.31921420039939435
0.20977004136588376
0.0
0.4188140770549713
0.2331511278493399
0.3375703666850694
0.0
0.5395995117193729
1.0139857259912148
0.06525377091702983
0.8513749169422455
0.26422784524465176
0.6132322998010198
0.4695206060773136
0.1840340372222095
0.0
0.2045558188438273
0.3279982282601419
0.0
0.32776412452798914
0.2609028587121378
0.0
0.016480534216381633
0.11297399966004719
0.009782260870258684
0.023458333422238884
0.0
0.10376350113720596
0.540022485741066
0.21076350474073705
0.0
0.45538346185769424
0.14848525857106057
0.0
0.006551725092062102
0.7080109768993613
0.7020308107532037
0.8544128580129573
0.2576443815391214
0.6447857915266169
0.03456495324838841
0.6358899876572051
0.18532708399224943
0.16934886081321207
0.16938871683834567
0.34530089606494047
0.787947471906526
0.1811601047176822
0.444728497848568
0.39453183932482533
0.38320324297061575
0.8279598922586489
0.0
0.2917346692247417
0.6088574257662939
0.9078427444317823
0.21802143587496284
0.032576978706885695
0.06825976291813259
0.16265442810586137
0.24443125437709526
0.0
0.5113798576438984
0.6229878632839779
0.0
0.4898548970594177