0.9265256825502476
0.9541611626391684
0.7377659810479433
0.2371138659919356
0.4401749284661967
1.0250574153938692
0.9821482815976503
0.4901845214068389
0.48991868511703446
0.13693116156588278
0.7854233654674826
0.46982526206603253
0.005013361115312611
0.3874127625050244
0.6522610469259137
0.516591755618466
0.017440919961097204
0.3524765663521957
0.8976042350755753
0.12077416798298934
0.5006023520671427
0.6296840072150215
0.38629327428755844
0.09507493073789221
0.00011030614397785812
0.39699966286425975
0.2579914576168418
2.4252753627779513e-05
0.006975602292404336
0.4951989814063577
0.12473445521971414
0.4439730204310822
0.20607426724821162
0.0
0.09640984129323435
0.7588026106956278
0.2245938105870597
0.0047452360784297175
0.5948922937472054
0.36400969159133517
0.030415181664966984
0.6113676141235938
0.7513380888475343
0.13125033046070267
0.6853860418810575
0.1325686974679414
0.5431410932715945
0.5878807581436258
0.5836348704432247
0.04545954022731437
0.19522980991293798
0.3846441128604628
0.1327454351951008
0.0015108984304114594
0.1547810536377398
0.5003304206919732
0.09284816549967093
0.001303142327163727
0.335188454232108
0.5686042161653346
0.3421063183712836
0.29053862718254686
0.5514048790781645
0.8160810956383616
0.1430481096202003
0.04425636242594077
0.33082142597529224
0.2819712368572973
0.620464027027124
0.008247506157872262
0.0012497678119196343
0.42712786919860807
0.3339510618867671
0.0036960892311808727
0.14284185960056323
0.631570643328947
0.017897703871330866
0.005011299463735931
0.42786978690802296
0.4941436395881976
0.03376173488511261
0.4453284530421519
0.46178009301122896
0.6885850479892067
0.08254892566589848
0.0007257200892704614
0.5855378132338172
0.41022291080696693
0.004695601130798639
0.7292817043581704
0.05071767903183848
0.5683687123856214
0.4649317700647498
0.20723049538221308
0.6787881364079947
0.0490453715664295
0.003718847527624125
0.41762284555092294
0.38437957988218646
0.02386887341497572
0.010413847603751919
0.5395903815051093
0.17869726229467944
0.060187544520640665
0.6711788116698758
1.0155964611703592
0.6316829966811134
0.9126518740233215
0.35951413430735113
0.2587788876478371
0.6907956290517181
0.2007165072144123
0.0
0.3217066815683062
0.2338083427175024
0.010462345612182828
0.007068165098149698
0.5925001880760759
0.3984750912903149
0.016644176931054258
0.15164087587794983
0.7778248589497936
0.7604272633634964
0.46315254996148736
0.6708033770763887
0.5578400980948947
0.05796194995543903
0.2948035862008532
0.4582728676524783
0.6172134802783205
0.009296813703215051
0.04622616315242605
0.4239219664231366
0.09784854253864332
0.0024057750001795445
0.016448066824520605
0.5952808300618935
0.3000120221291193
0.1101679602113892
0.5001427874747749
0.5265870437244454
0.06911539198909232
0.06676804057961357
0.14173168141691458
0.6826198457347631
0.11732343310360367
0.5702869089013332
0.33308291231708603
0.8393556544547515
0.46783063959486776
0.0
0.49996076262663103
0.6885590236416791
0.057709689635245746
0.25167089074463167
0.33018544259433147
0.5282844781446085
0.030260782130066752
0.03486342250249329
0.3919784334216081
0.0868848457633425
0.07476440769878297
0.4118847588227923
0.6158848232149339
0.6716261777460614
0.025060992454211825
0.08793333829411036
0.775042621019535
0.7432926061608305
0.13720267581080123
0.37272383811066717
0.6748564273105567
0.7223703113293181
0.02569398141038784
0.10085141666337595
0.4932082594676302
0.24200575302337182
0.0019316217565919355
0.03864711559453758
0.41198475475285434
0.13494707055375904
0.0015003465965588863
0.3781202942663936
0.6174240873561895
0.16997024754521364
0.004717580716422904
0.5484460141198604
0.9763975683799921
0.32318195458652055
0.857458866166982
0.5692681082866521
0.600597903425497
0.5959376956708142
0.2643323808021987
0.12463256534963484
0.576667574817947
0.38237660925628636
0.01433654013477656
0.3084014899831368
0.26146625096645437
0.018118709470168873
0.010633263457739276
0.1660819578144724
0.013837474571732459
0.00814225898022727
0.33657185112594623
0.1219595825262576
0.7689322594870031
0.2211235274506804
0.018118874161439796
0.4474495647112985
0.4902211379160663
0.0930474921314041
0.003951851758250742
0.6648300038402251
0.7082440957440036
0.851117173279592
0.1285571597763937
0.6371606523196102
0.039892285369536255
0.5534996914230003
0.6482257649468652
0.6682122646707634
0.08164154966241488
0.2423341858675508
0.8297776473710833
0.5925026146275377
0.18908233147191336
0.34856367102199504
0.7442001821706113
0.8076418838925404
0.09431762371353075
0.3354049278274265
0.7544540271957766
0.645770836653277
0.060268473158042284
0.4707463318602276
0.805005276916575
0.6727149505040501
0.19802291807840455
0.2983451052950102
0.6216640180906156
0.5224560999392498
0.03708294334733389
0.4450012220593756